400
0 0.0271
1 0.0271
2 0.0271
3 0.0271
4 0.1
5 0.1
6 0.1
7 0.1
8 0.1
9 0.1
10 0.1
11 0.1
12 0.1
13 0.1
14 0.1
15 0.1
16 0.0271
17 0.0271
18 0.0271
19 0.0271
20 0.0271
21 0.0271
22 0.0271
23 0.0271
24 0.1
25 0.1
26 0.1
27 0.1
28 0.1
29 0.1
30 0.1
31 0.1
32 0.1
33 0.1
34 0.1
35 0.1
36 0.0271
37 0.0271
38 0.0271
39 0.0271
40 0.0271
41 0.0271
42 0.0271
43 0.0271
44 0.1
45 0.1
46 0.1
47 0.1
48 0.1
49 0.1
50 0.1
51 0.1
52 0.1
53 0.1
54 0.1
55 0.1
56 0.0271
57 0.0271
58 0.0271
59 0.0271
60 0.0271
61 0.0271
62 0.0271
63 0.0271
64 0.1
65 0.1
66 0.1
67 0.1
68 0.1
69 0.1
70 0.1
71 0.1
72 0.1
73 0.1
74 0.1
75 0.1
76 0.0271
77 0.0271
78 0.0271
79 0.0271
80 0.0271
81 0.0271
82 0.0271
83 0.0271
84 0.1
85 0.1
86 0.1
87 0.1
88 0.1
89 0.1
90 0.1
91 0.1
92 0.1
93 0.1
94 0.1
95 0.1
96 0.0271
97 0.0271
98 0.0271
99 0.0271
100 0.0271
101 0.0271
102 0.0271
103 0.0271
104 0.1
105 0.1
106 0.1
107 0.1
108 0.1
109 0.1
110 0.1
111 0.1
112 0.1
113 0.1
114 0.1
115 0.1
116 0.0271
117 0.0271
118 0.0271
119 0.0271
120 0.0271
121 0.0271
122 0.0271
123 0.0271
124 0.1
125 0.1
126 0.1
127 0.1
128 0.1
129 0.1
130 0.1
131 0.1
132 0.1
133 0.1
134 0.1
135 0.1
136 0.0271
137 0.0271
138 0.0271
139 0.0271
140 0.0271
141 0.0271
142 0.0271
143 0.0271
144 0.1
145 0.1
146 0.1
147 0.1
148 0.1
149 0.1
150 0.1
151 0.1
152 0.1
153 0.1
154 0.1
155 0.1
156 0.0271
157 0.0271
158 0.0271
159 0.0271
160 0.0271
161 0.0271
162 0.0271
163 0.0271
164 0.0271
165 0.0271
166 0.0271
167 0.0271
168 0.0271
169 0.0271
170 0.0271
171 0.0271
172 0.0271
173 0.0271
174 0.0271
175 0.0271
176 0.0271
177 0.0271
178 0.0271
179 0.0271
180 0.0271
181 0.0271
182 0.0271
183 0.0271
184 0.0271
185 0.0271
186 0.0271
187 0.0271
188 0.0271
189 0.0271
190 0.0271
191 0.0271
192 0.0271
193 0.0271
194 0.0271
195 0.0271
196 0.0271
197 0.0271
198 0.0271
199 0.0271
200 0.0271
201 0.0271
202 0.0271
203 0.0271
204 0.0271
205 0.0271
206 0.0271
207 0.0271
208 0.0271
209 0.0271
210 0.0271
211 0.0271
212 0.0271
213 0.0271
214 0.0271
215 0.0271
216 0.0271
217 0.0271
218 0.0271
219 0.0271
220 0.0271
221 0.0271
222 0.0271
223 0.0271
224 0.0271
225 0.0271
226 0.0271
227 0.0271
228 0.0271
229 0.0271
230 0.0271
231 0.0271
232 0.0271
233 0.0271
234 0.0271
235 0.0271
236 0.0271
237 0.0271
238 0.0271
239 0.0271
240 0.0271
241 0.0271
242 0.0271
243 0.0271
244 0.0271
245 0.0271
246 0.0271
247 0.0271
248 0.0271
249 0.0271
250 0.0271
251 0.0271
252 0.0271
253 0.0271
254 0.0271
255 0.0271
256 0.0271
257 0.0271
258 0.0271
259 0.0271
260 0.0271
261 0.0271
262 0.0271
263 0.0271
264 0.0271
265 0.0271
266 0.0271
267 0.0271
268 0.0271
269 0.0271
270 0.0271
271 0.0271
272 0.0271
273 0.0271
274 0.0271
275 0.0271
276 0.0271
277 0.0271
278 0.0271
279 0.0271
280 0.0271
281 0.0271
282 0.0271
283 0.0271
284 0.0271
285 0.0271
286 0.0271
287 0.0271
288 0.0271
289 0.0271
290 0.0271
291 0.0271
292 0.0271
293 0.0271
294 0.0271
295 0.0271
296 0.0271
297 0.0271
298 0.0271
299 0.0271
300 0.0271
301 0.0271
302 0.0271
303 0.0271
304 0.0271
305 0.0271
306 0.0271
307 0.0271
308 0.0271
309 0.0271
310 0.0271
311 0.0271
312 0.0271
313 0.0271
314 0.0271
315 0.0271
316 0.0271
317 0.0271
318 0.0271
319 0.0271
320 0.0271
321 0.0271
322 0.0271
323 0.0271
324 0.0271
325 0.0271
326 0.0271
327 0.0271
328 0.0271
329 0.0271
330 0.0271
331 0.0271
332 0.0271
333 0.0271
334 0.0271
335 0.0271
336 0.0271
337 0.0271
338 0.0271
339 0.0271
340 0.0271
341 0.0271
342 0.0271
343 0.0271
344 0.0271
345 0.0271
346 0.0271
347 0.0271
348 0.0271
349 0.0271
350 0.0271
351 0.0271
352 0.0271
353 0.0271
354 0.0271
355 0.0271
356 0.0271
357 0.0271
358 0.0271
359 0.0271
360 0.0271
361 0.0271
362 0.0271
363 0.0271
364 0.0271
365 0.0271
366 0.0271
367 0.0271
368 0.0271
369 0.0271
370 0.0271
371 0.0271
372 0.0271
373 0.0271
374 0.0271
375 0.0271
376 0.0271
377 0.0271
378 0.0271
379 0.0271
380 0.0271
381 0.0271
382 0.0271
383 0.0271
384 0.0271
385 0.0271
386 0.0271
387 0.0271
388 0.0271
389 0.0271
390 0.0271
391 0.0271
392 0.0271
393 0.0271
394 0.0271
395 0.0271
396 0.0271
397 0.0271
398 0.0271
399 0.0271
