400
0 0.0 0.0 1 20 -1 -1
1 0.0526315789474 0.0 2 21 0 -1
2 0.105263157895 0.0 3 22 1 -1
3 0.157894736842 0.0 4 23 2 -1
4 0.210526315789 0.0 5 24 3 -1
5 0.263157894737 0.0 6 25 4 -1
6 0.315789473684 0.0 7 26 5 -1
7 0.368421052632 0.0 8 27 6 -1
8 0.421052631579 0.0 9 28 7 -1
9 0.473684210526 0.0 10 29 8 -1
10 0.526315789474 0.0 11 30 9 -1
11 0.578947368421 0.0 12 31 10 -1
12 0.631578947368 0.0 13 32 11 -1
13 0.684210526316 0.0 14 33 12 -1
14 0.736842105263 0.0 15 34 13 -1
15 0.789473684211 0.0 16 35 14 -1
16 0.842105263158 0.0 17 36 15 -1
17 0.894736842105 0.0 18 37 16 -1
18 0.947368421053 0.0 19 38 17 -1
19 1.0 0.0 -1 39 18 -1
20 0.0 0.0526315789474 21 40 -1 0
21 0.0526315789474 0.0526315789474 22 41 20 1
22 0.105263157895 0.0526315789474 23 42 21 2
23 0.157894736842 0.0526315789474 24 43 22 3
24 0.210526315789 0.0526315789474 25 44 23 4
25 0.263157894737 0.0526315789474 26 45 24 5
26 0.315789473684 0.0526315789474 27 46 25 6
27 0.368421052632 0.0526315789474 28 47 26 7
28 0.421052631579 0.0526315789474 29 48 27 8
29 0.473684210526 0.0526315789474 30 49 28 9
30 0.526315789474 0.0526315789474 31 50 29 10
31 0.578947368421 0.0526315789474 32 51 30 11
32 0.631578947368 0.0526315789474 33 52 31 12
33 0.684210526316 0.0526315789474 34 53 32 13
34 0.736842105263 0.0526315789474 35 54 33 14
35 0.789473684211 0.0526315789474 36 55 34 15
36 0.842105263158 0.0526315789474 37 56 35 16
37 0.894736842105 0.0526315789474 38 57 36 17
38 0.947368421053 0.0526315789474 39 58 37 18
39 1.0 0.0526315789474 -1 59 38 19
40 0.0 0.105263157895 41 60 -1 20
41 0.0526315789474 0.105263157895 42 61 40 21
42 0.105263157895 0.105263157895 43 62 41 22
43 0.157894736842 0.105263157895 44 63 42 23
44 0.210526315789 0.105263157895 45 64 43 24
45 0.263157894737 0.105263157895 46 65 44 25
46 0.315789473684 0.105263157895 47 66 45 26
47 0.368421052632 0.105263157895 48 67 46 27
48 0.421052631579 0.105263157895 49 68 47 28
49 0.473684210526 0.105263157895 50 69 48 29
50 0.526315789474 0.105263157895 51 70 49 30
51 0.578947368421 0.105263157895 52 71 50 31
52 0.631578947368 0.105263157895 53 72 51 32
53 0.684210526316 0.105263157895 54 73 52 33
54 0.736842105263 0.105263157895 55 74 53 34
55 0.789473684211 0.105263157895 56 75 54 35
56 0.842105263158 0.105263157895 57 76 55 36
57 0.894736842105 0.105263157895 58 77 56 37
58 0.947368421053 0.105263157895 59 78 57 38
59 1.0 0.105263157895 -1 79 58 39
60 0.0 0.157894736842 61 80 -1 40
61 0.0526315789474 0.157894736842 62 81 60 41
62 0.105263157895 0.157894736842 63 82 61 42
63 0.157894736842 0.157894736842 64 83 62 43
64 0.210526315789 0.157894736842 65 84 63 44
65 0.263157894737 0.157894736842 66 85 64 45
66 0.315789473684 0.157894736842 67 86 65 46
67 0.368421052632 0.157894736842 68 87 66 47
68 0.421052631579 0.157894736842 69 88 67 48
69 0.473684210526 0.157894736842 70 89 68 49
70 0.526315789474 0.157894736842 71 90 69 50
71 0.578947368421 0.157894736842 72 91 70 51
72 0.631578947368 0.157894736842 73 92 71 52
73 0.684210526316 0.157894736842 74 93 72 53
74 0.736842105263 0.157894736842 75 94 73 54
75 0.789473684211 0.157894736842 76 95 74 55
76 0.842105263158 0.157894736842 77 96 75 56
77 0.894736842105 0.157894736842 78 97 76 57
78 0.947368421053 0.157894736842 79 98 77 58
79 1.0 0.157894736842 -1 99 78 59
80 0.0 0.210526315789 81 100 -1 60
81 0.0526315789474 0.210526315789 82 101 80 61
82 0.105263157895 0.210526315789 83 102 81 62
83 0.157894736842 0.210526315789 84 103 82 63
84 0.210526315789 0.210526315789 85 104 83 64
85 0.263157894737 0.210526315789 86 105 84 65
86 0.315789473684 0.210526315789 87 106 85 66
87 0.368421052632 0.210526315789 88 107 86 67
88 0.421052631579 0.210526315789 89 108 87 68
89 0.473684210526 0.210526315789 90 109 88 69
90 0.526315789474 0.210526315789 91 110 89 70
91 0.578947368421 0.210526315789 92 111 90 71
92 0.631578947368 0.210526315789 93 112 91 72
93 0.684210526316 0.210526315789 94 113 92 73
94 0.736842105263 0.210526315789 95 114 93 74
95 0.789473684211 0.210526315789 96 115 94 75
96 0.842105263158 0.210526315789 97 116 95 76
97 0.894736842105 0.210526315789 98 117 96 77
98 0.947368421053 0.210526315789 99 118 97 78
99 1.0 0.210526315789 -1 119 98 79
100 0.0 0.263157894737 101 120 -1 80
101 0.0526315789474 0.263157894737 102 121 100 81
102 0.105263157895 0.263157894737 103 122 101 82
103 0.157894736842 0.263157894737 104 123 102 83
104 0.210526315789 0.263157894737 105 124 103 84
105 0.263157894737 0.263157894737 106 125 104 85
106 0.315789473684 0.263157894737 107 126 105 86
107 0.368421052632 0.263157894737 108 127 106 87
108 0.421052631579 0.263157894737 109 128 107 88
109 0.473684210526 0.263157894737 110 129 108 89
110 0.526315789474 0.263157894737 111 130 109 90
111 0.578947368421 0.263157894737 112 131 110 91
112 0.631578947368 0.263157894737 113 132 111 92
113 0.684210526316 0.263157894737 114 133 112 93
114 0.736842105263 0.263157894737 115 134 113 94
115 0.789473684211 0.263157894737 116 135 114 95
116 0.842105263158 0.263157894737 117 136 115 96
117 0.894736842105 0.263157894737 118 137 116 97
118 0.947368421053 0.263157894737 119 138 117 98
119 1.0 0.263157894737 -1 139 118 99
120 0.0 0.315789473684 121 140 -1 100
121 0.0526315789474 0.315789473684 122 141 120 101
122 0.105263157895 0.315789473684 123 142 121 102
123 0.157894736842 0.315789473684 124 143 122 103
124 0.210526315789 0.315789473684 125 144 123 104
125 0.263157894737 0.315789473684 126 145 124 105
126 0.315789473684 0.315789473684 127 146 125 106
127 0.368421052632 0.315789473684 128 147 126 107
128 0.421052631579 0.315789473684 129 148 127 108
129 0.473684210526 0.315789473684 130 149 128 109
130 0.526315789474 0.315789473684 131 150 129 110
131 0.578947368421 0.315789473684 132 151 130 111
132 0.631578947368 0.315789473684 133 152 131 112
133 0.684210526316 0.315789473684 134 153 132 113
134 0.736842105263 0.315789473684 135 154 133 114
135 0.789473684211 0.315789473684 136 155 134 115
136 0.842105263158 0.315789473684 137 156 135 116
137 0.894736842105 0.315789473684 138 157 136 117
138 0.947368421053 0.315789473684 139 158 137 118
139 1.0 0.315789473684 -1 159 138 119
140 0.0 0.368421052632 141 160 -1 120
141 0.0526315789474 0.368421052632 142 161 140 121
142 0.105263157895 0.368421052632 143 162 141 122
143 0.157894736842 0.368421052632 144 163 142 123
144 0.210526315789 0.368421052632 145 164 143 124
145 0.263157894737 0.368421052632 146 165 144 125
146 0.315789473684 0.368421052632 147 166 145 126
147 0.368421052632 0.368421052632 148 167 146 127
148 0.421052631579 0.368421052632 149 168 147 128
149 0.473684210526 0.368421052632 150 169 148 129
150 0.526315789474 0.368421052632 151 170 149 130
151 0.578947368421 0.368421052632 152 171 150 131
152 0.631578947368 0.368421052632 153 172 151 132
153 0.684210526316 0.368421052632 154 173 152 133
154 0.736842105263 0.368421052632 155 174 153 134
155 0.789473684211 0.368421052632 156 175 154 135
156 0.842105263158 0.368421052632 157 176 155 136
157 0.894736842105 0.368421052632 158 177 156 137
158 0.947368421053 0.368421052632 159 178 157 138
159 1.0 0.368421052632 -1 179 158 139
160 0.0 0.421052631579 161 180 -1 140
161 0.0526315789474 0.421052631579 162 181 160 141
162 0.105263157895 0.421052631579 163 182 161 142
163 0.157894736842 0.421052631579 164 183 162 143
164 0.210526315789 0.421052631579 165 184 163 144
165 0.263157894737 0.421052631579 166 185 164 145
166 0.315789473684 0.421052631579 167 186 165 146
167 0.368421052632 0.421052631579 168 187 166 147
168 0.421052631579 0.421052631579 169 188 167 148
169 0.473684210526 0.421052631579 170 189 168 149
170 0.526315789474 0.421052631579 171 190 169 150
171 0.578947368421 0.421052631579 172 191 170 151
172 0.631578947368 0.421052631579 173 192 171 152
173 0.684210526316 0.421052631579 174 193 172 153
174 0.736842105263 0.421052631579 175 194 173 154
175 0.789473684211 0.421052631579 176 195 174 155
176 0.842105263158 0.421052631579 177 196 175 156
177 0.894736842105 0.421052631579 178 197 176 157
178 0.947368421053 0.421052631579 179 198 177 158
179 1.0 0.421052631579 -1 199 178 159
180 0.0 0.473684210526 181 200 -1 160
181 0.0526315789474 0.473684210526 182 201 180 161
182 0.105263157895 0.473684210526 183 202 181 162
183 0.157894736842 0.473684210526 184 203 182 163
184 0.210526315789 0.473684210526 185 204 183 164
185 0.263157894737 0.473684210526 186 205 184 165
186 0.315789473684 0.473684210526 187 206 185 166
187 0.368421052632 0.473684210526 188 207 186 167
188 0.421052631579 0.473684210526 189 208 187 168
189 0.473684210526 0.473684210526 190 209 188 169
190 0.526315789474 0.473684210526 191 210 189 170
191 0.578947368421 0.473684210526 192 211 190 171
192 0.631578947368 0.473684210526 193 212 191 172
193 0.684210526316 0.473684210526 194 213 192 173
194 0.736842105263 0.473684210526 195 214 193 174
195 0.789473684211 0.473684210526 196 215 194 175
196 0.842105263158 0.473684210526 197 216 195 176
197 0.894736842105 0.473684210526 198 217 196 177
198 0.947368421053 0.473684210526 199 218 197 178
199 1.0 0.473684210526 -1 219 198 179
200 0.0 0.526315789474 201 220 -1 180
201 0.0526315789474 0.526315789474 202 221 200 181
202 0.105263157895 0.526315789474 203 222 201 182
203 0.157894736842 0.526315789474 204 223 202 183
204 0.210526315789 0.526315789474 205 224 203 184
205 0.263157894737 0.526315789474 206 225 204 185
206 0.315789473684 0.526315789474 207 226 205 186
207 0.368421052632 0.526315789474 208 227 206 187
208 0.421052631579 0.526315789474 209 228 207 188
209 0.473684210526 0.526315789474 210 229 208 189
210 0.526315789474 0.526315789474 211 230 209 190
211 0.578947368421 0.526315789474 212 231 210 191
212 0.631578947368 0.526315789474 213 232 211 192
213 0.684210526316 0.526315789474 214 233 212 193
214 0.736842105263 0.526315789474 215 234 213 194
215 0.789473684211 0.526315789474 216 235 214 195
216 0.842105263158 0.526315789474 217 236 215 196
217 0.894736842105 0.526315789474 218 237 216 197
218 0.947368421053 0.526315789474 219 238 217 198
219 1.0 0.526315789474 -1 239 218 199
220 0.0 0.578947368421 221 240 -1 200
221 0.0526315789474 0.578947368421 222 241 220 201
222 0.105263157895 0.578947368421 223 242 221 202
223 0.157894736842 0.578947368421 224 243 222 203
224 0.210526315789 0.578947368421 225 244 223 204
225 0.263157894737 0.578947368421 226 245 224 205
226 0.315789473684 0.578947368421 227 246 225 206
227 0.368421052632 0.578947368421 228 247 226 207
228 0.421052631579 0.578947368421 229 248 227 208
229 0.473684210526 0.578947368421 230 249 228 209
230 0.526315789474 0.578947368421 231 250 229 210
231 0.578947368421 0.578947368421 232 251 230 211
232 0.631578947368 0.578947368421 233 252 231 212
233 0.684210526316 0.578947368421 234 253 232 213
234 0.736842105263 0.578947368421 235 254 233 214
235 0.789473684211 0.578947368421 236 255 234 215
236 0.842105263158 0.578947368421 237 256 235 216
237 0.894736842105 0.578947368421 238 257 236 217
238 0.947368421053 0.578947368421 239 258 237 218
239 1.0 0.578947368421 -1 259 238 219
240 0.0 0.631578947368 241 260 -1 220
241 0.0526315789474 0.631578947368 242 261 240 221
242 0.105263157895 0.631578947368 243 262 241 222
243 0.157894736842 0.631578947368 244 263 242 223
244 0.210526315789 0.631578947368 245 264 243 224
245 0.263157894737 0.631578947368 246 265 244 225
246 0.315789473684 0.631578947368 247 266 245 226
247 0.368421052632 0.631578947368 248 267 246 227
248 0.421052631579 0.631578947368 249 268 247 228
249 0.473684210526 0.631578947368 250 269 248 229
250 0.526315789474 0.631578947368 251 270 249 230
251 0.578947368421 0.631578947368 252 271 250 231
252 0.631578947368 0.631578947368 253 272 251 232
253 0.684210526316 0.631578947368 254 273 252 233
254 0.736842105263 0.631578947368 255 274 253 234
255 0.789473684211 0.631578947368 256 275 254 235
256 0.842105263158 0.631578947368 257 276 255 236
257 0.894736842105 0.631578947368 258 277 256 237
258 0.947368421053 0.631578947368 259 278 257 238
259 1.0 0.631578947368 -1 279 258 239
260 0.0 0.684210526316 261 280 -1 240
261 0.0526315789474 0.684210526316 262 281 260 241
262 0.105263157895 0.684210526316 263 282 261 242
263 0.157894736842 0.684210526316 264 283 262 243
264 0.210526315789 0.684210526316 265 284 263 244
265 0.263157894737 0.684210526316 266 285 264 245
266 0.315789473684 0.684210526316 267 286 265 246
267 0.368421052632 0.684210526316 268 287 266 247
268 0.421052631579 0.684210526316 269 288 267 248
269 0.473684210526 0.684210526316 270 289 268 249
270 0.526315789474 0.684210526316 271 290 269 250
271 0.578947368421 0.684210526316 272 291 270 251
272 0.631578947368 0.684210526316 273 292 271 252
273 0.684210526316 0.684210526316 274 293 272 253
274 0.736842105263 0.684210526316 275 294 273 254
275 0.789473684211 0.684210526316 276 295 274 255
276 0.842105263158 0.684210526316 277 296 275 256
277 0.894736842105 0.684210526316 278 297 276 257
278 0.947368421053 0.684210526316 279 298 277 258
279 1.0 0.684210526316 -1 299 278 259
280 0.0 0.736842105263 281 300 -1 260
281 0.0526315789474 0.736842105263 282 301 280 261
282 0.105263157895 0.736842105263 283 302 281 262
283 0.157894736842 0.736842105263 284 303 282 263
284 0.210526315789 0.736842105263 285 304 283 264
285 0.263157894737 0.736842105263 286 305 284 265
286 0.315789473684 0.736842105263 287 306 285 266
287 0.368421052632 0.736842105263 288 307 286 267
288 0.421052631579 0.736842105263 289 308 287 268
289 0.473684210526 0.736842105263 290 309 288 269
290 0.526315789474 0.736842105263 291 310 289 270
291 0.578947368421 0.736842105263 292 311 290 271
292 0.631578947368 0.736842105263 293 312 291 272
293 0.684210526316 0.736842105263 294 313 292 273
294 0.736842105263 0.736842105263 295 314 293 274
295 0.789473684211 0.736842105263 296 315 294 275
296 0.842105263158 0.736842105263 297 316 295 276
297 0.894736842105 0.736842105263 298 317 296 277
298 0.947368421053 0.736842105263 299 318 297 278
299 1.0 0.736842105263 -1 319 298 279
300 0.0 0.789473684211 301 320 -1 280
301 0.0526315789474 0.789473684211 302 321 300 281
302 0.105263157895 0.789473684211 303 322 301 282
303 0.157894736842 0.789473684211 304 323 302 283
304 0.210526315789 0.789473684211 305 324 303 284
305 0.263157894737 0.789473684211 306 325 304 285
306 0.315789473684 0.789473684211 307 326 305 286
307 0.368421052632 0.789473684211 308 327 306 287
308 0.421052631579 0.789473684211 309 328 307 288
309 0.473684210526 0.789473684211 310 329 308 289
310 0.526315789474 0.789473684211 311 330 309 290
311 0.578947368421 0.789473684211 312 331 310 291
312 0.631578947368 0.789473684211 313 332 311 292
313 0.684210526316 0.789473684211 314 333 312 293
314 0.736842105263 0.789473684211 315 334 313 294
315 0.789473684211 0.789473684211 316 335 314 295
316 0.842105263158 0.789473684211 317 336 315 296
317 0.894736842105 0.789473684211 318 337 316 297
318 0.947368421053 0.789473684211 319 338 317 298
319 1.0 0.789473684211 -1 339 318 299
320 0.0 0.842105263158 321 340 -1 300
321 0.0526315789474 0.842105263158 322 341 320 301
322 0.105263157895 0.842105263158 323 342 321 302
323 0.157894736842 0.842105263158 324 343 322 303
324 0.210526315789 0.842105263158 325 344 323 304
325 0.263157894737 0.842105263158 326 345 324 305
326 0.315789473684 0.842105263158 327 346 325 306
327 0.368421052632 0.842105263158 328 347 326 307
328 0.421052631579 0.842105263158 329 348 327 308
329 0.473684210526 0.842105263158 330 349 328 309
330 0.526315789474 0.842105263158 331 350 329 310
331 0.578947368421 0.842105263158 332 351 330 311
332 0.631578947368 0.842105263158 333 352 331 312
333 0.684210526316 0.842105263158 334 353 332 313
334 0.736842105263 0.842105263158 335 354 333 314
335 0.789473684211 0.842105263158 336 355 334 315
336 0.842105263158 0.842105263158 337 356 335 316
337 0.894736842105 0.842105263158 338 357 336 317
338 0.947368421053 0.842105263158 339 358 337 318
339 1.0 0.842105263158 -1 359 338 319
340 0.0 0.894736842105 341 360 -1 320
341 0.0526315789474 0.894736842105 342 361 340 321
342 0.105263157895 0.894736842105 343 362 341 322
343 0.157894736842 0.894736842105 344 363 342 323
344 0.210526315789 0.894736842105 345 364 343 324
345 0.263157894737 0.894736842105 346 365 344 325
346 0.315789473684 0.894736842105 347 366 345 326
347 0.368421052632 0.894736842105 348 367 346 327
348 0.421052631579 0.894736842105 349 368 347 328
349 0.473684210526 0.894736842105 350 369 348 329
350 0.526315789474 0.894736842105 351 370 349 330
351 0.578947368421 0.894736842105 352 371 350 331
352 0.631578947368 0.894736842105 353 372 351 332
353 0.684210526316 0.894736842105 354 373 352 333
354 0.736842105263 0.894736842105 355 374 353 334
355 0.789473684211 0.894736842105 356 375 354 335
356 0.842105263158 0.894736842105 357 376 355 336
357 0.894736842105 0.894736842105 358 377 356 337
358 0.947368421053 0.894736842105 359 378 357 338
359 1.0 0.894736842105 -1 379 358 339
360 0.0 0.947368421053 361 380 -1 340
361 0.0526315789474 0.947368421053 362 381 360 341
362 0.105263157895 0.947368421053 363 382 361 342
363 0.157894736842 0.947368421053 364 383 362 343
364 0.210526315789 0.947368421053 365 384 363 344
365 0.263157894737 0.947368421053 366 385 364 345
366 0.315789473684 0.947368421053 367 386 365 346
367 0.368421052632 0.947368421053 368 387 366 347
368 0.421052631579 0.947368421053 369 388 367 348
369 0.473684210526 0.947368421053 370 389 368 349
370 0.526315789474 0.947368421053 371 390 369 350
371 0.578947368421 0.947368421053 372 391 370 351
372 0.631578947368 0.947368421053 373 392 371 352
373 0.684210526316 0.947368421053 374 393 372 353
374 0.736842105263 0.947368421053 375 394 373 354
375 0.789473684211 0.947368421053 376 395 374 355
376 0.842105263158 0.947368421053 377 396 375 356
377 0.894736842105 0.947368421053 378 397 376 357
378 0.947368421053 0.947368421053 379 398 377 358
379 1.0 0.947368421053 -1 399 378 359
380 0.0 1.0 381 -1 -1 360
381 0.0526315789474 1.0 382 -1 380 361
382 0.105263157895 1.0 383 -1 381 362
383 0.157894736842 1.0 384 -1 382 363
384 0.210526315789 1.0 385 -1 383 364
385 0.263157894737 1.0 386 -1 384 365
386 0.315789473684 1.0 387 -1 385 366
387 0.368421052632 1.0 388 -1 386 367
388 0.421052631579 1.0 389 -1 387 368
389 0.473684210526 1.0 390 -1 388 369
390 0.526315789474 1.0 391 -1 389 370
391 0.578947368421 1.0 392 -1 390 371
392 0.631578947368 1.0 393 -1 391 372
393 0.684210526316 1.0 394 -1 392 373
394 0.736842105263 1.0 395 -1 393 374
395 0.789473684211 1.0 396 -1 394 375
396 0.842105263158 1.0 397 -1 395 376
397 0.894736842105 1.0 398 -1 396 377
398 0.947368421053 1.0 399 -1 397 378
399 1.0 1.0 -1 -1 398 379
